1 0.920213825 0.886865918 0.861067593 0.839138753 0.819656972 0.801893957 0.785417595 0.769946544 0.755285413 0.74129187 0.678277507 0.622357294 0.570197917 0.519907343 0.470114561 0.419569377 0.366836209 0.309839632 0.244714587 0.160861247
2 0.920213825 0.886865918 0.861067593 0.839138753 0.819656972 0.801893957 0.785417595 0.769946544 0.755285413 0.74129187 0.678277507 0.622357294 0.570197917 0.519907343 0.470114561 0.419569377 0.366836209 0.309839632 0.244714587 0.160861247
3 0.920213825 0.886865918 0.861067593 0.839138753 0.819656972 0.801893957 0.785417595 0.769946544 0.755285413 0.74129187 0.678277507 0.622357294 0.570197917 0.519907343 0.470114561 0.419569377 0.366836209 0.309839632 0.244714587 0.160861247
4 0.920213825 0.886865918 0.861067593 0.839138753 0.819656972 0.801893957 0.785417595 0.769946544 0.755285413 0.74129187 0.678277507 0.622357294 0.570197917 0.519907343 0.470114561 0.419569377 0.366836209 0.309839632 0.244714587 0.160861247
5 0.920213825 0.886865918 0.861067593 0.839138753 0.819656972 0.801893957 0.785417595 0.769946544 0.755285413 0.74129187 0.678277507 0.622357294 0.570197917 0.519907343 0.470114561 0.419569377 0.366836209 0.309839632 0.244714587 
6 0.920213825 0.886865918 0.861067593 0.839138753 0.819656972 0.801893957 0.785417595 0.769946544 0.755285413 0.74129187 0.678277507 0.622357294 0.570197917 0.519907343 0.470114561 0.419569377 0.366836209 0.309839632 0.244714587 
7 0.920213825 0.886865918 0.861067593 0.839138753 0.819656972 0.801893957 0.785417595 0.769946544 0.755285413 0.74129187 0.678277507 0.622357294 0.570197917 0.519907343 0.470114561 0.419569377 0.366836209 0.309839632 0.244714587 
8 0.920213825 0.886865918 0.861067593 0.839138753 0.819656972 0.801893957 0.785417595 0.769946544 0.755285413 0.74129187 0.678277507 0.622357294 0.570197917 0.519907343 0.470114561 0.419569377 0.366836209 0.309839632 0.244714587 
9 0.920213825 0.886865918 0.861067593 0.839138753 0.819656972 0.801893957 0.785417595 0.769946544 0.755285413 0.74129187 0.678277507 0.622357294 0.570197917 0.519907343 0.470114561 0.419569377 0.366836209 0.309839632 0.244714587 
10 0.920213825 0.886865918 0.861067593 0.839138753 0.819656972 0.801893957 0.785417595 0.769946544 0.755285413 0.74129187 0.678277507 0.622357294 0.570197917 0.519907343 0.470114561 0.419569377 0.366836209 0.309839632  
11 0.920213825 0.886865918 0.861067593 0.839138753 0.819656972 0.801893957 0.785417595 0.769946544 0.755285413 0.74129187 0.678277507 0.622357294 0.570197917 0.519907343 0.470114561 0.419569377 0.366836209 0.309839632  
12 0.920213825 0.886865918 0.861067593 0.839138753 0.819656972 0.801893957 0.785417595 0.769946544 0.755285413 0.74129187 0.678277507 0.622357294 0.570197917 0.519907343 0.470114561 0.419569377 0.366836209 0.309839632  
13 0.920213825 0.886865918 0.861067593 0.839138753 0.819656972 0.801893957 0.785417595 0.769946544 0.755285413 0.74129187 0.678277507 0.622357294 0.570197917 0.519907343 0.470114561 0.419569377 0.366836209 0.309839632  
14 0.920213825 0.886865918 0.861067593 0.839138753 0.819656972 0.801893957 0.785417595 0.769946544 0.755285413 0.74129187 0.678277507 0.622357294 0.570197917 0.519907343 0.470114561 0.419569377 0.366836209 0.309839632  
15 0.920213825 0.886865918 0.861067593 0.839138753 0.819656972 0.801893957 0.785417595 0.769946544 0.755285413 0.74129187 0.678277507 0.622357294 0.570197917 0.519907343 0.470114561 0.419569377 0.366836209   
16 0.920213825 0.886865918 0.861067593 0.839138753 0.819656972 0.801893957 0.785417595 0.769946544 0.755285413 0.74129187 0.678277507 0.622357294 0.570197917 0.519907343 0.470114561 0.419569377 0.366836209   
17 0.920213825 0.886865918 0.861067593 0.839138753 0.819656972 0.801893957 0.785417595 0.769946544 0.755285413 0.74129187 0.678277507 0.622357294 0.570197917 0.519907343 0.470114561 0.419569377 0.366836209   
18 0.920213825 0.886865918 0.861067593 0.839138753 0.819656972 0.801893957 0.785417595 0.769946544 0.755285413 0.74129187 0.678277507 0.622357294 0.570197917 0.519907343 0.470114561 0.419569377 0.366836209   
19 0.920213825 0.886865918 0.861067593 0.839138753 0.819656972 0.801893957 0.785417595 0.769946544 0.755285413 0.74129187 0.678277507 0.622357294 0.570197917 0.519907343 0.470114561 0.419569377 0.366836209   
20 0.920213825 0.886865918 0.861067593 0.839138753 0.819656972 0.801893957 0.785417595 0.769946544 0.755285413 0.74129187 0.678277507 0.622357294 0.570197917 0.519907343 0.470114561 0.419569377    
21 0.920213825 0.886865918 0.861067593 0.839138753 0.819656972 0.801893957 0.785417595 0.769946544 0.755285413 0.74129187 0.678277507 0.622357294 0.570197917 0.519907343 0.470114561 0.419569377    
22 0.920213825 0.886865918 0.861067593 0.839138753 0.819656972 0.801893957 0.785417595 0.769946544 0.755285413 0.74129187 0.678277507 0.622357294 0.570197917 0.519907343 0.470114561 0.419569377    
23 0.920213825 0.886865918 0.861067593 0.839138753 0.819656972 0.801893957 0.785417595 0.769946544 0.755285413 0.74129187 0.678277507 0.622357294 0.570197917 0.519907343 0.470114561 0.419569377    
24 0.920213825 0.886865918 0.861067593 0.839138753 0.819656972 0.801893957 0.785417595 0.769946544 0.755285413 0.74129187 0.678277507 0.622357294 0.570197917 0.519907343 0.470114561 0.419569377    
25 0.920213825 0.886865918 0.861067593 0.839138753 0.819656972 0.801893957 0.785417595 0.769946544 0.755285413 0.74129187 0.678277507 0.622357294 0.570197917 0.519907343 0.470114561     
26 0.920213825 0.886865918 0.861067593 0.839138753 0.819656972 0.801893957 0.785417595 0.769946544 0.755285413 0.74129187 0.678277507 0.622357294 0.570197917 0.519907343 0.470114561     
27 0.920213825 0.886865918 0.861067593 0.839138753 0.819656972 0.801893957 0.785417595 0.769946544 0.755285413 0.74129187 0.678277507 0.622357294 0.570197917 0.519907343 0.470114561     
28 0.920213825 0.886865918 0.861067593 0.839138753 0.819656972 0.801893957 0.785417595 0.769946544 0.755285413 0.74129187 0.678277507 0.622357294 0.570197917 0.519907343 0.470114561     
29 0.920213825 0.886865918 0.861067593 0.839138753 0.819656972 0.801893957 0.785417595 0.769946544 0.755285413 0.74129187 0.678277507 0.622357294 0.570197917 0.519907343 0.470114561     
30 0.920213825 0.886865918 0.861067593 0.839138753 0.819656972 0.801893957 0.785417595 0.769946544 0.755285413 0.74129187 0.678277507 0.622357294 0.570197917 0.519907343      
31 0.920213825 0.886865918 0.861067593 0.839138753 0.819656972 0.801893957 0.785417595 0.769946544 0.755285413 0.74129187 0.678277507 0.622357294 0.570197917 0.519907343      
32 0.920213825 0.886865918 0.861067593 0.839138753 0.819656972 0.801893957 0.785417595 0.769946544 0.755285413 0.74129187 0.678277507 0.622357294 0.570197917 0.519907343      
33 0.920213825 0.886865918 0.861067593 0.839138753 0.819656972 0.801893957 0.785417595 0.769946544 0.755285413 0.74129187 0.678277507 0.622357294 0.570197917 0.519907343      
34 0.920213825 0.886865918 0.861067593 0.839138753 0.819656972 0.801893957 0.785417595 0.769946544 0.755285413 0.74129187 0.678277507 0.622357294 0.570197917 0.519907343      
35 0.920213825 0.886865918 0.861067593 0.839138753 0.819656972 0.801893957 0.785417595 0.769946544 0.755285413 0.74129187 0.678277507 0.622357294 0.570197917       
36 0.920213825 0.886865918 0.861067593 0.839138753 0.819656972 0.801893957 0.785417595 0.769946544 0.755285413 0.74129187 0.678277507 0.622357294 0.570197917       
37 0.920213825 0.886865918 0.861067593 0.839138753 0.819656972 0.801893957 0.785417595 0.769946544 0.755285413 0.74129187 0.678277507 0.622357294 0.570197917       
38 0.920213825 0.886865918 0.861067593 0.839138753 0.819656972 0.801893957 0.785417595 0.769946544 0.755285413 0.74129187 0.678277507 0.622357294 0.570197917       
39 0.920213825 0.886865918 0.861067593 0.839138753 0.819656972 0.801893957 0.785417595 0.769946544 0.755285413 0.74129187 0.678277507 0.622357294 0.570197917       
40 0.920213825 0.886865918 0.861067593 0.839138753 0.819656972 0.801893957 0.785417595 0.769946544 0.755285413 0.74129187 0.678277507 0.622357294        
41 0.920213825 0.886865918 0.861067593 0.839138753 0.819656972 0.801893957 0.785417595 0.769946544 0.755285413 0.74129187 0.678277507 0.622357294        
42 0.920213825 0.886865918 0.861067593 0.839138753 0.819656972 0.801893957 0.785417595 0.769946544 0.755285413 0.74129187 0.678277507 0.622357294        
43 0.920213825 0.886865918 0.861067593 0.839138753 0.819656972 0.801893957 0.785417595 0.769946544 0.755285413 0.74129187 0.678277507 0.622357294        
44 0.920213825 0.886865918 0.861067593 0.839138753 0.819656972 0.801893957 0.785417595 0.769946544 0.755285413 0.74129187 0.678277507 0.622357294        
45 0.920213825 0.886865918 0.861067593 0.839138753 0.819656972 0.801893957 0.785417595 0.769946544 0.755285413 0.74129187 0.678277507         
46 0.920213825 0.886865918 0.861067593 0.839138753 0.819656972 0.801893957 0.785417595 0.769946544 0.755285413 0.74129187 0.678277507         
47 0.920213825 0.886865918 0.861067593 0.839138753 0.819656972 0.801893957 0.785417595 0.769946544 0.755285413 0.74129187 0.678277507         
48 0.920213825 0.886865918 0.861067593 0.839138753 0.819656972 0.801893957 0.785417595 0.769946544 0.755285413 0.74129187 0.678277507         
49 0.920213825 0.886865918 0.861067593 0.839138753 0.819656972 0.801893957 0.785417595 0.769946544 0.755285413 0.74129187 0.678277507         
50 0.920213825 0.886865918 0.861067593 0.839138753 0.819656972 0.801893957 0.785417595 0.769946544 0.755285413 0.74129187          
51 0.920213825 0.886865918 0.861067593 0.839138753 0.819656972 0.801893957 0.785417595 0.769946544 0.755285413 0.74129187          
52 0.920213825 0.886865918 0.861067593 0.839138753 0.819656972 0.801893957 0.785417595 0.769946544 0.755285413 0.74129187          
53 0.920213825 0.886865918 0.861067593 0.839138753 0.819656972 0.801893957 0.785417595 0.769946544 0.755285413 0.74129187          
54 0.920213825 0.886865918 0.861067593 0.839138753 0.819656972 0.801893957 0.785417595 0.769946544 0.755285413 0.74129187          
55 0.920213825 0.886865918 0.861067593 0.839138753 0.819656972 0.801893957 0.785417595 0.769946544 0.755285413           
56 0.920213825 0.886865918 0.861067593 0.839138753 0.819656972 0.801893957 0.785417595 0.769946544            
57 0.920213825 0.886865918 0.861067593 0.839138753 0.819656972 0.801893957 0.785417595             
58 0.920213825 0.886865918 0.861067593 0.839138753 0.819656972 0.801893957              
59 0.920213825 0.886865918 0.861067593 0.839138753 0.819656972               
60 0.920213825 0.886865918 0.861067593 0.839138753                
61 0.920213825 0.886865918 0.861067593                 
62 0.920213825 0.886865918                  
63 0.920213825                   
64                    