1 0.91805 0.8897 0.85745 0.8403 0.81985 0.80525 0.77225 0.7699 0.7553 0.74255 0.68865 0.62015 0.5696 0.52585 0.46945 0.41745 0.3594 0.31365 0.2403 0.1544
2 0.91265 0.8914 0.85755 0.8385 0.8167 0.79975 0.76935 0.7666 0.7538 0.7358 0.6876 0.61965 0.5685 0.52845 0.47225 0.4147 0.3613 0.31525 0.2428 0.16135
3 0.9142 0.89035 0.8536 0.83925 0.8175 0.7994 0.7743 0.76595 0.7552 0.7336 0.69025 0.61975 0.56965 0.52565 0.47115 0.4127 0.3671 0.31225 0.2473 0.17085
4 0.9118 0.8881 0.8516 0.8376 0.8171 0.8007 0.76885 0.766 0.7453 0.7369 0.6893 0.61545 0.5693 0.52795 0.47375 0.41385 0.366 0.3116 0.2452 0.1749
5 0.9245 0.8778 0.86195 0.8458 0.82155 0.80355 0.77245 0.75925 0.7425 0.7352 0.69 0.6145 0.5723 0.52665 0.47605 0.41405 0.36715 0.3146 0.24905 
6 0.92485 0.8985 0.87165 0.8493 0.82445 0.80735 0.78185 0.7618 0.7428 0.73225 0.68855 0.6186 0.5733 0.5338 0.4793 0.4134 0.366 0.3114 0.2498 
7 0.9162 0.8954 0.8739 0.8521 0.8256 0.8084 0.78255 0.76425 0.75375 0.7338 0.6917 0.6183 0.57435 0.53025 0.4779 0.40995 0.363 0.3076 0.25025 
8 0.94325 0.89285 0.87215 0.8543 0.8297 0.8074 0.78665 0.76765 0.74735 0.7372 0.6982 0.62045 0.57085 0.5327 0.483 0.41205 0.35775 0.3113 0.24805 
9 0.92195 0.8851 0.8625 0.8545 0.8268 0.8088 0.7834 0.7673 0.744 0.73345 0.69185 0.6237 0.566 0.529 0.48055 0.4136 0.35615 0.3059 0.25365 
10 0.92105 0.87775 0.8614 0.8529 0.8295 0.7996 0.78805 0.76965 0.74835 0.7299 0.6897 0.62695 0.5647 0.53355 0.48615 0.4114 0.3556 0.30865  
11 0.9268 0.8833 0.86365 0.84925 0.8286 0.7974 0.78715 0.7665 0.75475 0.7314 0.68855 0.6272 0.5648 0.5373 0.48735 0.40835 0.35785 0.3027  
12 0.915 0.88115 0.863 0.8381 0.82565 0.79975 0.78095 0.76355 0.75515 0.7349 0.68315 0.62895 0.5643 0.535 0.48695 0.41235 0.3596 0.30495  
13 0.90875 0.8776 0.85965 0.83405 0.82535 0.79555 0.781 0.76685 0.75785 0.7397 0.6765 0.62655 0.5608 0.5299 0.4907 0.41095 0.35765 0.3026  
14 0.9235 0.87805 0.86035 0.8368 0.82435 0.7923 0.77785 0.7701 0.76375 0.7379 0.6822 0.62605 0.5593 0.52775 0.48645 0.4086 0.3614 0.302  
15 0.9235 0.88755 0.8581 0.84075 0.81465 0.78975 0.78355 0.7644 0.76465 0.73815 0.6802 0.6326 0.5595 0.53195 0.4909 0.4113 0.36345   
16 0.91625 0.89405 0.8606 0.8395 0.8164 0.79355 0.7866 0.7666 0.75865 0.73925 0.67805 0.62935 0.5615 0.5283 0.48975 0.4089 0.3604   
17 0.92855 0.8973 0.86365 0.8367 0.8209 0.7938 0.7841 0.7663 0.7579 0.7353 0.67405 0.62645 0.56125 0.5264 0.48525 0.41465 0.36065   
18 0.91795 0.8942 0.86355 0.82575 0.81985 0.791 0.78325 0.75995 0.75955 0.73055 0.66565 0.62605 0.56115 0.52595 0.4845 0.4119 0.36435   
19 0.9152 0.8899 0.86085 0.82395 0.82445 0.79765 0.78445 0.7658 0.75715 0.7373 0.6702 0.62215 0.5672 0.52635 0.48585 0.4117 0.36575   
20 0.91515 0.8956 0.8631 0.82785 0.8254 0.8037 0.7874 0.76785 0.7535 0.7378 0.66895 0.6257 0.56225 0.53125 0.4808 0.4105    
21 0.92605 0.8947 0.8555 0.8304 0.82245 0.8072 0.7879 0.7685 0.75565 0.74135 0.66825 0.6267 0.55775 0.53305 0.47555 0.4157    
22 0.9311 0.88445 0.85745 0.8303 0.8214 0.8096 0.7898 0.76915 0.75675 0.7376 0.67135 0.62535 0.5604 0.5306 0.47805 0.41585    
23 0.91145 0.8779 0.86685 0.83255 0.8179 0.8056 0.78955 0.7708 0.74855 0.72925 0.6681 0.6274 0.56 0.52595 0.4749 0.4197    
24 0.9252 0.8885 0.8711 0.8438 0.814 0.8019 0.7858 0.77155 0.7481 0.7371 0.66885 0.6257 0.55665 0.52615 0.4812 0.42035    
25 0.9081 0.89235 0.86785 0.8466 0.8213 0.79695 0.78385 0.7696 0.7503 0.73575 0.6639 0.62925 0.55915 0.52755 0.48215     
26 0.92175 0.89095 0.85675 0.85235 0.8208 0.7923 0.78655 0.77245 0.74925 0.7359 0.67315 0.62735 0.55935 0.52955 0.48355     
27 0.91795 0.88295 0.86035 0.8499 0.8154 0.7949 0.78695 0.77185 0.75335 0.7459 0.67125 0.6229 0.564 0.5281 0.48485     
28 0.9159 0.88625 0.8722 0.851 0.81795 0.7963 0.7792 0.7616 0.7541 0.7482 0.6744 0.6197 0.558 0.5237 0.4815     
29 0.91915 0.895 0.87275 0.84505 0.82465 0.79875 0.77855 0.76385 0.7555 0.75065 0.6739 0.6205 0.55295 0.5247 0.4807     
30 0.89905 0.89145 0.8673 0.83865 0.822 0.7976 0.78115 0.76755 0.753 0.74985 0.68045 0.6239 0.55655 0.5207      
31 0.9323 0.8931 0.85465 0.834 0.8203 0.7986 0.7747 0.769 0.75875 0.7477 0.68365 0.61905 0.5561 0.5212      
32 0.92395 0.88965 0.85495 0.8342 0.8222 0.79365 0.7801 0.7693 0.759 0.74825 0.6812 0.62175 0.55895 0.5174      
33 0.92155 0.8826 0.8566 0.8315 0.82035 0.7886 0.7816 0.768 0.761 0.7515 0.6881 0.62355 0.5632 0.5153      
34 0.93115 0.8864 0.86115 0.83685 0.8225 0.7923 0.78445 0.76655 0.7595 0.74525 0.6822 0.6237 0.5652 0.5197      
35 0.9142 0.8887 0.8626 0.8412 0.8215 0.79385 0.78605 0.7714 0.759 0.75045 0.68455 0.62385 0.56635       
36 0.9214 0.8822 0.8563 0.83565 0.8195 0.80055 0.78875 0.7752 0.76045 0.7496 0.6805 0.62215 0.56795       
37 0.9256 0.88485 0.85405 0.83225 0.81705 0.8034 0.7972 0.7758 0.76285 0.7502 0.6845 0.6254 0.5702       
38 0.9158 0.8998 0.8545 0.8404 0.81585 0.80685 0.7974 0.7791 0.76415 0.7456 0.6875 0.62455 0.5711       
39 0.9262 0.89715 0.8621 0.8362 0.8111 0.8115 0.79385 0.77595 0.76045 0.74865 0.6797 0.6269 0.5754       
40 0.93415 0.88815 0.86945 0.84235 0.8132 0.81145 0.79415 0.77495 0.75945 0.7443 0.6818 0.62465        
41 0.928 0.888 0.87535 0.8399 0.8175 0.8032 0.7961 0.78075 0.7575 0.7441 0.674 0.63125        
42 0.9162 0.8912 0.879 0.836 0.81935 0.80495 0.7942 0.7815 0.76265 0.74125 0.67655 0.62175        
43 0.93135 0.8868 0.8687 0.8329 0.8232 0.8077 0.7895 0.7866 0.7626 0.74435 0.67215 0.6245        
44 0.93105 0.89385 0.86555 0.8321 0.8268 0.8119 0.7905 0.78305 0.75985 0.7452 0.6705 0.62365        
45 0.9136 0.8829 0.86685 0.83995 0.8257 0.80495 0.78865 0.7854 0.7544 0.74735 0.66935         
46 0.91655 0.88315 0.87245 0.845 0.8261 0.7992 0.78535 0.78435 0.7448 0.74975 0.6674         
47 0.91815 0.89015 0.8709 0.8436 0.82185 0.8 0.784 0.78515 0.74715 0.7468 0.66825         
48 0.91565 0.89125 0.8646 0.8437 0.8134 0.7962 0.78245 0.78195 0.7518 0.7447 0.6687         
49 0.92035 0.88555 0.87165 0.8406 0.8142 0.79315 0.786 0.7837 0.74915 0.74185 0.6693         
50 0.9192 0.88815 0.862 0.84175 0.8132 0.79455 0.7928 0.78335 0.7451 0.744          
51 0.9254 0.88855 0.8632 0.84795 0.8144 0.8 0.7843 0.7718 0.74105 0.74095          
52 0.9122 0.8893 0.861 0.8424 0.8168 0.80105 0.7873 0.769 0.74345 0.7456          
53 0.9186 0.8826 0.8581 0.8406 0.8245 0.8057 0.78375 0.76625 0.74515 0.7459          
54 0.9196 0.88245 0.8505 0.83845 0.8298 0.8046 0.7877 0.7618 0.74985 0.74385          
55 0.9132 0.8938 0.8551 0.83955 0.8263 0.8112 0.78635 0.7635 0.7506           
56 0.92225 0.88255 0.869 0.8413 0.818 0.80905 0.78025 0.76315            
57 0.9212 0.8811 0.8717 0.8438 0.81605 0.80625 0.7848             
58 0.9256 0.8812 0.87355 0.8486 0.81415 0.8026              
59 0.9241 0.8943 0.8675 0.8459 0.8163               
60 0.9157 0.88835 0.8709 0.83455                
61 0.92815 0.88385 0.8696                 
62 0.9306 0.8819                  
63 0.93                   
64                    