1 0.412870566 0.758581835 0.294413843 0.613233267 0.401474085 0.728272542 0.401425317 0.728272542 0.79048768 0.869187376 0.865818801 0.843932523
2 0.378778144 0.716225106 0.441125652 0.794407781 0.401474085 0.728272542 0.509297516 0.839157158 0.916795256 0.943797442 0.86889342 0.843932523
3 0.400414954 0.739950784 0.528613041 0.875920836 0.401474085 0.728272542 0.581436038 0.895138366 0.958394391 0.972000148 0.874211251 0.843932523
4 0.367414603 0.719655629 0.609640068 0.91713818 0.401474085 0.728272542 0.636365954 0.928572459 0.978503011 0.985081666 0.878213415 0.843932523
5 0.38662697 0.720459001 0.661351846 0.947519488 0.401474085 0.728272542 0.680826887 0.950170973 0.987902576 0.991756438 0.871843834 0.843932523
6 0.345980407 0.711337133 0.697015458 0.96382472 0.401474085 0.728272542 0.71812397 0.964761841 0.994633413 0.99534997 0.863365948 0.843932523
7 0.422975491 0.734156112 0.73118992 0.974865746 0.401474085 0.728272542 0.750151018 0.974896097 0.996961415 0.997348338 0.868592035 0.843932523
8 0.398220454 0.738349061 0.755723971 0.982100022 0.401474085 0.728272542 0.778104478 0.982061011 0.998449088 0.99848164 0.866036612 0.843932523
9 0.433391499 0.713312245 0.782206112 0.987070602 0.401474085 0.728272542 0.802792959 0.987183483 0.998857055 0.999131456 0.873958758 0.843932523
10 0.417358617 0.716022492 0.80767642 0.991093936 0.401474085 0.728272542 0.824790659 0.990869415 0.99917184 0.999505779 0.861953268 0.843932523
11 0.385687352 0.724653022 0.829450468 0.9932246 0.401474085 0.728272542 0.844521037 0.993529108 0.999229476 0.99972131 0.882104301 0.843932523
12 0.413770723 0.739438892 0.844717301 0.994703 0.401474085 0.728272542 0.862305811 0.995447889 0.999621024 0.999844817 0.86953796 0.843932523
13 0.383005378 0.719923581 0.865391325 0.9964948 0.401474085 0.728272542 0.878395332 0.996828218 0.999876584 0.999914974 0.867901722 0.843932523
14 0.402320117 0.719052149 0.879966706 0.99826452 0.401474085 0.728272542 0.892988254 0.997815944 0.999942604 0.999954328 0.868850388 0.843932523
15 0.40013222 0.735192049 0.895856146 0.99921431 0.401474085 0.728272542 0.906244779 0.998517302 0.99994105 0.999976044 0.865251578 0.843932523
16 0.401544631 0.726306334 0.90765676 0.999312032 0.401474085 0.728272542 0.918295834 0.999010271 0.999964654 0.999987784 0.860666067 0.843932523
17 0.405692988 0.749559552 0.919279342 0.999556297 0.401474085 0.728272542 0.929249616 0.999352347 0.999999029 0.999993974 0.862351398 0.843932523
18 0.360300847 0.701819983 0.931049728 0.999576111 0.401474085 0.728272542 0.939196352 0.999586 0.999995124 0.999997141 0.860621563 0.843932523
19 0.421405045 0.724122647 0.94024961 0.999904931 0.401474085 0.728272542 0.948211838 0.999742565 0.999995982 0.999998705 0.880515339 0.843932523
20 0.371422606 0.738541588 0.946467457 0.999875069 0.401474085 0.728272542 0.956360112 0.999845076 0.99999999 0.999999444 0.860710564 0.843932523
21 0.399990805 0.736741265 0.957460823 0.999934623 0.401474085 0.728272542 0.963695497 0.999910342 0.999940002 0.999999777 0.874463465 0.843932523
22 0.419693611 0.719856608 0.962223185 0.999867359 0.401474085 0.728272542 0.970264188 0.999950507 0.999953833 0.999999917 0.870693726 0.843932523
23 0.378266041 0.730641286 0.968159315 0.999986287 0.401474085 0.728272542 0.976105494 0.999974214 0.999971912 0.999999972 0.86621072 0.843932523
24 0.406323407 0.733182644 0.972757768 0.999981677 0.401474085 0.728272542 0.98125282 0.999987502 0.99999974 0.999999992 0.859506388 0.843932523
25 0.372605278 0.722394516 0.979436011 0.999991062 0.401474085 0.728272542 0.985734444 0.999994476 0.999991062 0.999999998 0.880351712 0.843932523
26 0.416876813 0.721194155 0.984398467 0.999999834 0.401474085 0.728272542 0.989574136 0.999997838 0.999999705 1 0.847333383 0.843932523
27 0.417152174 0.749497059 0.988067114 0.999991661 0.401474085 0.728272542 0.992791654 0.999999284 0.999978338 1 0.854312849 0.843932523
28 0.389868754 0.747555063 0.990873894 0.99999922 0.401474085 0.728272542 0.995403137 0.999999814 0.999993334 1 0.878708707 0.843932523
29 0.369421796 0.732076711 0.994143963 0.999998245 0.401474085 0.728272542 0.997421408 0.999999967 0.999998245 1 0.852894862 0.843932523
30 0.419419352 0.736289991 0.996716709 0.999987032 0.401474085 0.728272542 0.998856211 0.999999997 0.999999943 1 0.846489181 0.843932523
31 0.40365736 0.752858056 0.998224641 0.999997964 0.401474085 0.728272542 0.999714389 1 0.99999999 1 0.853993328 0.843932523
32 0.395235073 0.715819787 0.999437617 0.999999774 0.401474085 0.728272542 1 1 0.999976067 1 0.870137953 0.843932523
33 0.382569388 0.72458676 0.999976399 0.999997558 0.401474085 0.728272542 0.999714389 1 0.999990442 1 0.875970924 0.843932523
34 0.384456507 0.705014213 0.999770408 0.999996758 0.401474085 0.728272542 0.998856211 0.999999997 0.99991398 1 0.886245115 0.843932523
35 0.390515121 0.74629729 0.998678203 0.999999279 0.401474085 0.728272542 0.997421408 0.999999967 0.999884748 1 0.872819101 0.843932523
36 0.408210909 0.725116576 0.997225361 0.999972982 0.401474085 0.728272542 0.995403137 0.999999814 0.999986786 1 0.871886322 0.843932523
37 0.393308438 0.739374862 0.995210379 0.999994972 0.401474085 0.728272542 0.992791654 0.999999284 0.999985263 1 0.868721246 0.843932523
38 0.412731967 0.757357782 0.992658185 0.999994819 0.401474085 0.728272542 0.989574136 0.999997838 0.99998338 1 0.850499064 0.843932523
39 0.415153087 0.707154491 0.989760751 0.999997229 0.401474085 0.728272542 0.985734444 0.999994476 0.999945651 0.999999998 0.882914654 0.843932523
40 0.401121239 0.71044895 0.986742574 0.999995419 0.401474085 0.728272542 0.98125282 0.999987502 0.999940527 0.999999992 0.860042287 0.843932523
41 0.340951716 0.737513766 0.982806331 0.999985263 0.401474085 0.728272542 0.976105494 0.999974214 0.999981677 0.999999972 0.862395595 0.843932523
42 0.430095865 0.708323985 0.978683297 0.999946648 0.401474085 0.728272542 0.970264188 0.999950507 0.999958772 0.999999917 0.869881 0.843932523
43 0.428340169 0.696071207 0.973522137 0.999854543 0.401474085 0.728272542 0.963695497 0.999910342 0.999980193 0.999999777 0.873410738 0.843932523
44 0.389077852 0.750371088 0.967158283 0.999906908 0.401474085 0.728272542 0.956360112 0.999845076 0.999970453 0.999999444 0.870351867 0.843932523
45 0.415498208 0.703697519 0.959691777 0.999866575 0.401474085 0.728272542 0.948211838 0.999742565 0.999962605 0.999998705 0.866602005 0.843932523
46 0.402108715 0.731424836 0.953872131 0.999398273 0.401474085 0.728272542 0.939196352 0.999586 0.999991661 0.999997141 0.879572811 0.843932523
47 0.415291158 0.734803866 0.943031269 0.999442442 0.401474085 0.728272542 0.929249616 0.999352347 0.99999745 0.999993974 0.872819101 0.843932523
48 0.4068133 0.707361088 0.933602794 0.999167923 0.401474085 0.728272542 0.918295834 0.999010271 0.999998961 0.999987784 0.839255784 0.843932523
49 0.394379515 0.753786761 0.925962396 0.998791805 0.401474085 0.728272542 0.906244779 0.998517302 0.999999538 0.999976044 0.878955938 0.843932523
50 0.42031026 0.741546451 0.913633854 0.998289916 0.401474085 0.728272542 0.892988254 0.997815944 0.999978338 0.999954328 0.869666658 0.843932523
51 0.393951301 0.732597504 0.899129825 0.997225361 0.401474085 0.728272542 0.878395332 0.996828218 0.999955208 0.999914974 0.867555817 0.843932523
52 0.384818769 0.742755118 0.884132517 0.995163161 0.401474085 0.728272542 0.862305811 0.995447889 0.99996971 0.999844817 0.879120606 0.843932523
53 0.396302898 0.727624511 0.868126292 0.994533212 0.401474085 0.728272542 0.844521037 0.993529108 0.999750428 0.99972131 0.873748136 0.843932523
54 0.390084283 0.764826545 0.852408242 0.992416917 0.401474085 0.728272542 0.824790659 0.990869415 0.999614381 0.999505779 0.873368528 0.843932523
55 0.387709413 0.739246773 0.831061308 0.988699408 0.401474085 0.728272542 0.802792959 0.987183483 0.999306674 0.999131456 0.866123681 0.843932523
56 0.415222126 0.728150671 0.80812479 0.984235911 0.401474085 0.728272542 0.778104478 0.982061011 0.998992931 0.99848164 0.878997117 0.843932523
57 0.410231983 0.740462055 0.781723191 0.976573923 0.401474085 0.728272542 0.750151018 0.974896097 0.997359822 0.997348338 0.861953268 0.843932523
58 0.401121239 0.730641286 0.747781056 0.968562601 0.401474085 0.728272542 0.71812397 0.964761841 0.996046288 0.99534997 0.85585926 0.843932523
59 0.380749517 0.737449445 0.70811782 0.957588756 0.401474085 0.728272542 0.680826887 0.950170973 0.993286125 0.991756438 0.877965355 0.843932523
60 0.385036027 0.736031906 0.666638951 0.942948493 0.401474085 0.728272542 0.636365954 0.928572459 0.9890162 0.985081666 0.853901965 0.843932523
61 0.362631049 0.715211124 0.613780172 0.917540658 0.401474085 0.728272542 0.581436038 0.895138366 0.980956964 0.972000148 0.857306313 0.843932523
62 0.369199091 0.747743399 0.550874709 0.863180992 0.401474085 0.728272542 0.509297516 0.839157158 0.961456396 0.943797442 0.880351712 0.843932523
63 0.433190218 0.73292268 0.465052517 0.790757108 0.401474085 0.728272542 0.401425317 0.728272542 0.911289508 0.869187376 0.883197558 0.843932523
64 0.419899227 0.720057496 0.322582817 0.602535218 0.401474085 0.728272542   0.769121452   0.843932523