1 0.919685 0.920213825 0.403288141 0.401425317 0.801305 0.796804854 0.719310404 0.728272542 0.70298 0.709638799 0.877617608 0.869187376
2 0.885665 0.886865918 0.512854724 0.509297516 0.736015 0.731601519 0.832700449 0.839157158 0.63244 0.638650786 0.948780155 0.943797442
3 0.85901 0.861067593 0.586825672 0.581436038 0.691115 0.688289249 0.891882187 0.895138366 0.59532 0.598188932 0.973622473 0.972000148
4 0.836135 0.839138753 0.643476202 0.636365954 0.659255 0.656024303 0.925529835 0.928572459 0.56894 0.571780599 0.986242754 0.985081666
5 0.81713 0.819656972 0.686315446 0.680826887 0.633385 0.630650939 0.948037496 0.950170973 0.5518 0.553399955 0.992243897 0.991756438
6 0.79853 0.801893957 0.72485837 0.71812397 0.612035 0.610058414 0.963473727 0.964761841 0.53712 0.540122879 0.996020577 0.99534997
7 0.78189 0.785417595 0.756701372 0.750151018 0.5942 0.593004127 0.974242428 0.974896097 0.53272 0.530305656 0.996908697 0.997348338
8 0.76453 0.769946544 0.78742554 0.778104478 0.57917 0.578685246 0.981838356 0.982061011 0.5254 0.522935533 0.99813766 0.99848164
9 0.751715 0.755285413 0.808548581 0.802792959 0.5677 0.566548457 0.986734713 0.987183483 0.51646 0.517348023 0.999218115 0.999131456
10 0.736045 0.74129187 0.832656067 0.824790659 0.55688 0.556193756 0.990644558 0.990869415 0.51202 0.513086799 0.999583078 0.999505779
11 0.725405 0.727858331 0.847981172 0.844521037 0.549315 0.547321089 0.992971399 0.993529108 0.50846 0.509827534 0.999793478 0.99972131
12 0.70961 0.714901041 0.869224502 0.862305811 0.540205 0.539698633 0.995330895 0.995447889 0.51276 0.507333522 0.999530157 0.999844817
13 0.69921 0.702353187 0.882254447 0.878395332 0.534315 0.533142872 0.996599726 0.996828218 0.50738 0.50542838 0.999842843 0.999914974
14 0.685285 0.690160368 0.898541351 0.892988254 0.53108 0.52750553 0.997211012 0.997815944 0.49922 0.503978506 0.999998245 0.999954328
15 0.67489 0.678277507 0.909852072 0.906244779 0.5227 0.522664683 0.998512676 0.998517302 0.50238 0.502881395 0.999983656 0.999976044
16 0.66364 0.666666667 0.921292809 0.918295834 0.519575 0.518518519 0.998894092 0.999010271 0.49904 0.502057613 0.999997341 0.999987784
17 0.665558511 0.655295483 0.919400006 0.929249616 0.513845 0.51498085 0.999446846 0.999352347 0.50066 0.501445154 0.999998743 0.999993974
18 0.641273885 0.644135999 0.941620686 0.939196352 0.512715 0.511977809 0.999533465 0.999586 0.50206 0.500995365 0.999987756 0.999997141
19 0.62893617 0.633163791 0.951485429 0.948211838 0.509095 0.509445358 0.99976131 0.999742565 0.50004 0.500669963 0.999999995 0.999998705
20 0.618136952 0.622357294 0.959347214 0.956360112 0.50688 0.507327395 0.999863417 0.999845076 0.49908 0.500438803 0.999997558 0.999999444
21 0.611557631 0.611697277 0.963786994 0.963695497 0.505875 0.505574267 0.999900407 0.999910342 0.49846 0.500278184 0.999993157 0.999999777
22 0.599637577 0.601166427 0.971162203 0.970264188 0.50487 0.50414161 0.999931566 0.999950507 0.50172 0.500169552 0.999991464 0.999999917
23 0.591450847 0.590749015 0.975732363 0.976105494 0.50322 0.502989412 0.999970083 0.999974214 0.50402 0.500098476 0.99995337 0.999999972
24 0.58068888 0.580430623 0.981131703 0.98125282 0.50115 0.50208125 0.999996184 0.999987502 0.4999 0.500053855 0.999999971 0.999999992
25 0.570892334 0.570197917 0.985449848 0.985734444 0.50267 0.50138367 0.99997943 0.999994476 0.50586 0.500027274 0.999900915 0.999999998
26 0.561249145 0.56003846 0.989148346 0.989574136 0.50279 0.500865663 0.99997754 0.999997838 0.50488 0.500012482 0.999931285 1
27 0.54996884 0.549940552 0.992783472 0.992791654 0.49949 0.500498219 0.99999925 0.999999284 0.5021 0.50000497 0.999987275 1
28 0.540030303 0.539893088 0.995371426 0.995403137 0.499525 0.500253953 0.999999349 0.999999814 0.50084 0.500001617 0.999997964 1
29 0.530379768 0.529885439 0.997335345 0.997421408 0.49946 0.500106767 0.999999159 0.999999967 0.4977 0.500000381 0.999984736 1
30 0.519644993 0.519907343 0.998886167 0.998856211 0.499515 0.500031557 0.999999321 0.999999997 0.49544 0.50000005 0.999940002 1
31 0.510659403 0.509948804 0.999672129 0.999714389 0.500195 0.500003939 0.99999989 1 0.49892 0.500000002 0.999996634 1
32 0.499944669 0.5 0.999999991 1 0.499355 0.5 0.9999988 1 0.5008 0.5 0.999998153 1
33 0.489538024 0.490051196 0.999684162 0.999714389 0.501295 0.499996061 0.999995161 1 0.50108 0.499999998 0.999996634 1
34 0.480168016 0.480092657 0.998864856 0.998856211 0.498925 0.499968443 0.999996666 0.999999997 0.50124 0.49999995 0.999995563 1
35 0.469631398 0.470114561 0.997337305 0.997421408 0.499405 0.499893233 0.999998978 0.999999967 0.49938 0.499999619 0.999998891 1
36 0.460774101 0.460106912 0.995555768 0.995403137 0.499925 0.499746047 0.999999984 0.999999814 0.49996 0.499998383 0.999999995 1
37 0.450412291 0.450059448 0.99289332 0.992791654 0.49869 0.499501781 0.999995048 0.999999284 0.50632 0.49999503 0.999884748 1
38 0.440597299 0.43996154 0.989794291 0.989574136 0.500535 0.499134337 0.999999174 0.999997838 0.498 0.499987518 0.999988458 1
39 0.430550692 0.429802083 0.98603807 0.985734444 0.50043 0.49861633 0.999999466 0.999994476 0.49852 0.499972726 0.99999368 0.999999998
40 0.419597462 0.419569377 0.981265968 0.98125282 0.496485 0.49791875 0.99996435 0.999987502 0.50096 0.499946145 0.999997341 0.999999992
41 0.40784924 0.409250985 0.975357323 0.976105494 0.497915 0.497010588 0.999987457 0.999974214 0.5042 0.499901524 0.999949101 0.999999972
42 0.398843399 0.398833573 0.970270004 0.970264188 0.495045 0.49585839 0.999929157 0.999950507 0.49886 0.499830448 0.99999625 0.999999917
43 0.383634241 0.388302723 0.960568384 0.963695497 0.495455 0.494425733 0.999940396 0.999910342 0.4987 0.499721816 0.999995124 0.999999777
44 0.385374754 0.377642706 0.961749755 0.956360112 0.49108 0.492672605 0.999770408 0.999845076 0.49996 0.499561197 0.999999995 0.999999444
45 0.36312908 0.366836209 0.945249944 0.948211838 0.49043 0.490554642 0.999735726 0.999742565 0.50328 0.499330037 0.999968958 0.999998705
46 0.3626 0.355864001 0.944820242 0.939196352 0.485845 0.488022191 0.999421794 0.999586 0.50056 0.499004635 0.999999095 0.999997141
47 0.35146 0.344704517 0.935365205 0.929249616 0.48201 0.48501915 0.99906597 0.999352347 0.49458 0.498554846 0.999915236 0.999993974
48 0.33904 0.333333333 0.923897087 0.918295834 0.479975 0.481481481 0.998842647 0.999010271 0.49584 0.497942387 0.999950066 0.999987784
49 0.32742 0.321722493 0.912268654 0.906244779 0.47691 0.477335317 0.998461113 0.998517302 0.49428 0.497118605 0.999905593 0.999976044
50 0.31665 0.309839632 0.900701185 0.892988254 0.47223 0.47249447 0.99777372 0.997815944 0.49894 0.496021494 0.999996758 0.999954328
51 0.304515 0.297646813 0.886740177 0.878395332 0.46653 0.466857128 0.99676525 0.996828218 0.49688 0.49457162 0.999971912 0.999914974
52 0.293355 0.285098959 0.873015777 0.862305811 0.4605 0.460301367 0.995493376 0.995447889 0.49184 0.492666478 0.999807866 0.999844817
53 0.27843 0.272141669 0.853302746 0.844521037 0.451965 0.452678911 0.993332084 0.993529108 0.4896 0.490172466 0.999687894 0.99972131
54 0.26651 0.25870813 0.836412007 0.824790659 0.44356 0.443806244 0.990789047 0.990869415 0.48536 0.486913201 0.999381487 0.999505779
55 0.25381 0.244714587 0.817261173 0.802792959 0.431055 0.433451543 0.986240752 0.987183483 0.48358 0.482651977 0.999221912 0.999131456
56 0.23679 0.230053456 0.789661286 0.778104478 0.41877 0.421314754 0.980876648 0.982061011 0.47998 0.477064467 0.998843225 0.99848164
57 0.22182 0.214582405 0.763476873 0.750151018 0.40357 0.406995873 0.973000642 0.974896097 0.47032 0.469694344 0.997456758 0.997348338
58 0.20566 0.198106043 0.733104671 0.71812397 0.38635 0.389941586 0.962403634 0.964761841 0.46216 0.459877121 0.995864556 0.99534997
59 0.188615 0.180343028 0.69856514 0.680826887 0.366275 0.369349061 0.947768939 0.950170973 0.44358 0.446600045 0.990795588 0.991756438
60 0.16554 0.160861247 0.647399778 0.636365954 0.340365 0.343975697 0.925167557 0.928572459 0.42836 0.428219401 0.985140254 0.985081666
61 0.143075 0.138932407 0.592235652 0.581436038 0.30731 0.311710751 0.890043874 0.895138366 0.40568 0.401811068 0.974176364 0.972000148
62 0.11663 0.113134082 0.51959569 0.509297516 0.263345 0.268398481 0.831752189 0.839157158 0.36392 0.361349214 0.945889049 0.943797442
63 0.080945 0.079786175 0.405500235 0.401425317 0.198565 0.203195146 0.719048794 0.728272542 0.29214 0.290361201 0.871469605 0.869187376ꠀ˰翋