1 91.8182 78.08666667 94.81 84.042 0.9202 0.796804854 0.920213825 0.796804854 76.272 0.709638799 71.22333333 0.709604317
2 92.5888 80.28333333 90.86 75.672 0.9202 0.796804854 0.886865918 0.731601519 66.816 0.638650786 70.98666667 0.709604317
3 92.1848 79.08 88.026 70.29 0.9202 0.796804854 0.861067593 0.688289249 61.95 0.598188932 70.57 0.709604317
4 92.9352 80.11333333 85.008 66.708 0.9202 0.796804854 0.839138753 0.656024303 58.61 0.571780599 70.25 0.709604317
5 91.5228 80.07333333 82.84 64.134 0.9202 0.796804854 0.819656972 0.630650939 56.466 0.553399955 70.75666667 0.709604317
6 91.852 80.52333333 81.212 61.872 0.9202 0.796804854 0.801893957 0.610058414 54.31 0.540122879 71.41 0.709604317
7 91.123 79.38 79.532 60.396 0.9202 0.796804854 0.785417595 0.593004127 53.244 0.530305656 71.01 0.709604317
8 91.7406 79.16333333 78.242 58.894 0.9202 0.796804854 0.769946544 0.578685246 52.318 0.522935533 71.20666667 0.709604317
9 92.906 80.42666667 76.758 57.354 0.9202 0.796804854 0.755285413 0.566548457 51.99 0.517348023 70.59 0.709604317
10 93.213 80.29333333 75.226 56.336 0.9202 0.796804854 0.74129187 0.556193756 51.694 0.513086799 71.51666667 0.709604317
11 92.226 79.86333333 73.82 55.122 0.9202 0.796804854 0.727858331 0.547321089 51.634 0.509827534 69.93333333 0.709604317
12 92.5566 79.10666667 72.772 54.676 0.9202 0.796804854 0.714901041 0.539698633 51.146 0.507333522 70.93666667 0.709604317
13 91.7314 80.1 71.256 53.932 0.9202 0.796804854 0.702353187 0.533142872 50.654 0.50542838 71.06333333 0.709604317
14 91.6178 80.14333333 70.108 53.426 0.9202 0.796804854 0.690160368 0.52750553 50.446 0.503978506 70.99 0.709604317
15 92.4468 79.32666667 68.766 52.976 0.9202 0.796804854 0.678277507 0.522664683 50.452 0.502881395 71.26666667 0.709604317
16 93.0212 79.78 67.696 52.588 0.9202 0.796804854 0.666666667 0.518518519 50.35 0.502057613 71.61333333 0.709604317
17 92.5408 78.57333333 66.568 52.008 0.9202 0.796804854 0.655295483 0.51498085 50.058 0.501445154 71.48666667 0.709604317
18 91.815 80.98333333 65.334 51.592 0.9202 0.796804854 0.644135999 0.511977809 49.87 0.500995365 71.61666667 0.709604317
19 92.636 79.89 64.29 51.21 0.9202 0.796804854 0.633163791 0.509445358 49.882 0.500669963 70.06333333 0.709604317
20 92.3818 79.15333333 63.536 51.136 0.9202 0.796804854 0.622357294 0.507327395 50.006 0.500438803 71.61 0.709604317
21 92.4568 79.24666667 62.082 50.964 0.9202 0.796804854 0.611697277 0.505574267 49.544 0.500278184 70.55 0.709604317
22 91.466 80.10333333 61.392 50.358 0.9202 0.796804854 0.601166427 0.50414161 49.6 0.500169552 70.84666667 0.709604317
23 92.5136 79.56 60.466 50.234 0.9202 0.796804854 0.590749015 0.502989412 49.688 0.500098476 71.19333333 0.709604317
24 92.076 79.43 59.686 50.122 0.9202 0.796804854 0.580430623 0.50208125 49.97 0.500053855 71.7 0.709604317
25 91.6102 79.97666667 58.422 50.092 0.9202 0.796804854 0.570197917 0.50138367 49.824 0.500027274 70.07666667 0.709604317
26 92.8572 80.03666667 57.34 49.91 0.9202 0.796804854 0.56003846 0.500865663 49.968 0.500012482 72.58666667 0.709604317
27 91.9316 78.57666667 56.422 49.986 0.9202 0.796804854 0.549940552 0.500498219 50.274 0.50000497 72.08333333 0.709604317
28 91.927 78.68 55.618 49.812 0.9202 0.796804854 0.539893088 0.500253953 49.848 0.500001617 70.21 0.709604317
29 92.4056 79.48666667 54.502 49.792 0.9202 0.796804854 0.529885439 0.500106767 50.078 0.500000381 72.18666667 0.709604317
30 92.446 79.27 53.372 50.01 0.9202 0.796804854 0.519907343 0.500031557 49.986 0.50000005 72.64666667 0.709604317
31 90.9448 78.39666667 52.48 50.086 0.9202 0.796804854 0.509948804 0.500003939 49.994 0.500000002 72.10666667 0.709604317
32 92.3412 80.30333333 51.396 49.918 0.9202 0.796804854 0.5 0.5 49.712 0.5 70.89 0.709604317
33 90.8612 79.86666667 50.286 50.058 0.9202 0.796804854 0.490051196 0.499996061 50.182 0.499999998 70.43 0.709604317
34 91.9636 80.83 49.108 49.984 0.9202 0.796804854 0.480092657 0.499968443 50.546 0.49999995 69.59 0.709604317
35 91.623 78.74666667 47.86 50.184 0.9202 0.796804854 0.470114561 0.499893233 50.632 0.499999619 70.68 0.709604317
36 92.7056 79.84 46.9 49.962 0.9202 0.796804854 0.460106912 0.499746047 50.214 0.499998383 70.75333333 0.709604317
37 92.3846 79.11 45.928 49.876 0.9202 0.796804854 0.450059448 0.499501781 50.226 0.49999503 71 0.709604317
38 92.9886 78.15333333 44.96 49.942 0.9202 0.796804854 0.43996154 0.499134337 50.24 0.499987518 72.36 0.709604317
39 92.0998 80.72666667 44.05 49.846 0.9202 0.796804854 0.429802083 0.49861633 50.434 0.499972726 69.86666667 0.709604317
40 92.1924 80.56666667 43.232 49.562 0.9202 0.796804854 0.419569377 0.49791875 50.454 0.499946145 71.66 0.709604317
41 91.2214 79.20666667 42.296 49.58 0.9202 0.796804854 0.409250985 0.497010588 50.252 0.499901524 71.48333333 0.709604317
42 91.8622 80.67 41.426 49.518 0.9202 0.796804854 0.398833573 0.49585839 50.378 0.499830448 70.91 0.709604317
43 92.539 81.25666667 40.45 49.636 0.9202 0.796804854 0.388302723 0.494425733 50.262 0.499721816 70.63333333 0.709604317
44 92.7512 78.53 39.372 49.17 0.9202 0.796804854 0.377642706 0.492672605 49.68 0.499561197 70.87333333 0.709604317
45 92.2034 80.89333333 38.236 48.97 0.9202 0.796804854 0.366836209 0.490554642 49.64 0.499330037 71.16333333 0.709604317
46 92.4022 79.52 37.424 48.638 0.9202 0.796804854 0.355864001 0.488022191 49.83 0.499004635 70.14 0.709604317
47 91.735 79.34666667 36.042 48.71 0.9202 0.796804854 0.344704517 0.48501915 50.094 0.498554846 70.68 0.709604317
48 91.8886 80.71666667 34.948 47.83 0.9202 0.796804854 0.333333333 0.481481481 49.94 0.497942387 73.15333333 0.709604317
49 91.9032 78.34666667 34.12 47.326 0.9202 0.796804854 0.321722493 0.477335317 49.96 0.497118605 70.19 0.709604317
50 92.431 78.99666667 32.874 47.016 0.9202 0.796804854 0.309839632 0.47249447 49.726 0.496021494 70.92666667 0.709604317
51 91.2412 79.46 31.524 46.548 0.9202 0.796804854 0.297646813 0.466857128 49.606 0.49457162 71.09 0.709604317
52 92.048 78.93333333 30.234 45.914 0.9202 0.796804854 0.285098959 0.460301367 49.676 0.492666478 70.17666667 0.709604317
53 92.0868 79.71333333 28.954 45.426 0.9202 0.796804854 0.272141669 0.452678911 49.07 0.490172466 70.60666667 0.709604317
54 91.8986 77.74333333 27.778 44.442 0.9202 0.796804854 0.25870813 0.443806244 48.844 0.486913201 70.63666667 0.709604317
55 91.7076 79.11666667 26.288 43.398 0.9202 0.796804854 0.244714587 0.433451543 48.45 0.482651977 71.2 0.709604317
56 92.741 79.68666667 24.802 42.37 0.9202 0.796804854 0.230053456 0.421314754 48.132 0.477064467 70.18666667 0.709604317
57 92.444 79.05333333 23.214 40.772 0.9202 0.796804854 0.214582405 0.406995873 46.976 0.469694344 71.51666667 0.709604317
58 92.1218 79.56 21.332 39.3 0.9202 0.796804854 0.198106043 0.389941586 46.3 0.459877121 71.97 0.709604317
59 92.6474 79.21 19.32 37.376 0.9202 0.796804854 0.180343028 0.369349061 45.18 0.446600045 70.27 0.709604317
60 92.1546 79.28333333 17.394 34.54 0.9202 0.796804854 0.160861247 0.343975697 43.838 0.428219401 72.11333333 0.709604317
61 91.6372 80.33333333 15.158 32.102 0.9202 0.796804854 0.138932407 0.311710751 41.894 0.401811068 71.86333333 0.709604317
62 91.4258 78.67 12.762 28.602 0.9202 0.796804854 0.113134082 0.268398481 38.494 0.361349214 70.07666667 0.709604317
63 92.5176 79.44333333 9.876 23.42 0.9202 0.796804854 0.079786175 0.203195146 32.648 0.290361201 69.84333333 0.709604317
64 91.78 80.09333333 5.878 15.314 0.9202 0.796804854 0 0 22.496 0 70.67333333 0.709604317